1609074.739190	 4659405.913773	 13692739.231240	 1123.531450	 487821.829024	 123034.693988	 638241.956869	
 4659405.913773	 13693862.762690	 40727365.522317	 2075.471502	 1301520.628645	 293391.645036	 1949672.748067	
 13692739.231240	 40727365.522317	 122308766.245524	 3770.169839	 3559477.451189	 707246.770326	 5973218.037864	
 1123.531450	 2075.471502	 3770.169839	 72.162694	 0.000000	 1123.531450	 0.000000	
 487821.829024	 1301520.628645	 3559477.451189	 0.000000	 487821.829024	 0.000000	 0.000000	
 123034.693988	 293391.645036	 707246.770326	 1123.531450	 0.000000	 123034.693988	 0.000000	
 638241.956869	 1949672.748067	 5973218.037864	 0.000000	 0.000000	 0.000000	 638241.956869	

